2222222222222222222222222222
1000000000000000000000000001
1000000000000000000000000001
1000000000000000000000000001
1000000000000000000000000001
1000000000000000000000000001
1000000000000000000000000001
1000000000000000000000000001
1000000000000000000000000001
1000000000000000000000000001
1000000000000000000000000001
1000000000000000000000000001
1000000000000100000000000001
1000000000000100000000000001
1000000000000100000000000001
10000H0000000100000000000001
100000000000010000B00M000001
3333333333333333333333333333
